image_width: 640
image_height: 480
camera_name: narrow_stereo
camera_matrix:
  rows: 3
  cols: 3
  data: [390.08965,   0.     , 322.58483,
           0.     , 520.26891, 236.14127,
           0.     ,   0.     ,   1.     ]
distortion_model: plumb_bob
distortion_coefficients:
  rows: 1
  cols: 5
  data: [-0.451485, 0.179662, -0.001622, -0.004548, 0.000000]
rectification_matrix:
  rows: 3
  cols: 3
  data: [1., 0., 0.,
         0., 1., 0.,
         0., 0., 1.]
projection_matrix:
  rows: 3
  cols: 4
  data: [288.24774,   0.     , 316.70757,   0.     ,
           0.     , 463.06216, 233.75266,   0.     ,
           0.     ,   0.     ,   1.     ,   0.     ]
